11010110001110011001010110110110000001100110
01101100001000010110110001101010111010010001
01001110011101010110111110101101110100100011
00000110110101010100110101100100111101011010
10001001001100000101010001011100101101111111
11001110000101001111100111001001010111001110
10001101011101010100110100110101001001110010
11011100010110110111110110111111100100110001
00001001011010001111001010000001101001110001
00010000010000110101010100100110000011110001
10000000101000011111100010000000011000011001
01101001010111011110100011011010101010011101
01010111010010111101100110100100001110100111
10011100100101001101001001011110110110101000
11111110011110001110001101000101000001011110
11011101000011010101110010110101100101000000
10101101001111111110101011110001010001001101
10000111001010001110101101000000101101101011
11010101101000100111010101000011000000010100
00010011101100011100111100011111110011010001
01110111000101100111111010101111110011000000
00110011011001100011010010001011000110111000
10100011110001001100001101001011010111001111
11001011010110001111010111011001010011100001
10011001001101001101000010011001001110101111
11001101110011010111010101110101011001100011
00100011100111010111101110000100100000100011
01100000111101101000100001010101001100111100
00110110000011101001010001100110010110001111
00011111001011101011000110000101000110100001
11110011010100101000010010000010101010110010
01101110001100010111001000001110010100101111
11010001000110000001110101110010101011011101
11111001100100001011011000011000100110000101
01110001000111111000100001110010111000011100
01110100000000100100110001101101011011001011
01010011010010110000000110000110101000010111
01001100000101100100010010111001001111000000
11010011111000001000100000110101101101001101
